ans =

   4.0736e+04


ans =

   4.0468e+04


ans =

   3.8886e+04


ans =

   3.8853e+04


ans =

       37270